1	rs10497874	204572083	0.071	0.069	1.0	100.0	60	0	0.036	T:C	
2	rs13016482	204573740	0.0	0.0	1.0	97.8	54	0	0.0	A:A	
3	rs13016483	204573743	0.0	0.0	1.0	98.9	59	0	0.0	A:A	
4	rs13411062	204573814	0.45	0.421	0.4346	99.6	60	0	0.301	T:C	
5	rs13425717	204574047	0.476	0.451	0.527	99.6	59	0	0.343	A:G	
6	rs732325	204574257	0.024	0.024	1.0	99.3	59	0	0.012	G:A	
7	rs4344920	204574809	0.0	0.0	1.0	98.5	56	0	0.0	G:G	
8	rs4143803	204574822	0.476	0.451	0.527	100.0	60	0	0.343	A:G	
9	rs1427367	204575308	0.0	0.0	1.0	98.9	57	0	0.0	G:G	
10	rs3116516	204576707	0.0	0.0	1.0	99.3	58	0	0.0	G:G	
11	rs1896283	204577302	0.478	0.455	0.5681	99.6	60	0	0.349	T:G	
12	rs7597547	204578215	0.471	0.452	0.668	99.6	59	0	0.345	G:A	
13	rs1427368	204578654	0.019	0.019	1.0	100.0	60	0	0.01	T:C	
14	rs3096735	204580279	0.478	0.433	0.1939	97.4	56	1	0.317	A:G	
15	rs10210708	204581272	0.0	0.0	1.0	99.6	59	0	0.0	G:G	
16	rs10199759	204581286	0.05	0.049	1.0	93.0	46	0	0.025	T:C	
17	rs10199936	204581447	0.352	0.358	0.937	100.0	60	0	0.233	T:G	
18	rs4675394	204581654	0.267	0.265	1.0	99.6	59	0	0.157	G:A	
19	rs1346333	204581810	0.527	0.473	0.1471	98.5	56	0	0.384	T:C	
20	rs16840525	204582454	0.256	0.258	1.0	98.1	55	0	0.152	G:A	
21	rs16840526	204582543	0.005	0.005	1.0	100.0	60	0	0.002	T:C	
22	rs6759196	204582569	0.097	0.092	1.0	97.8	57	0	0.048	T:A	
23	rs16840528	204582622	0.153	0.166	0.6041	60.7	25	0	0.091	A:G	
24	rs6705052	204582967	0.268	0.259	0.8924	99.3	59	0	0.153	T:A	
25	rs4675397	204583479	0.33	0.33	1.0	99.6	60	0	0.208	T:C	
26	rs13031642	204584085	0.133	0.188	8.0E-4	99.6	59	0	0.105	T:A	
27	rs13383369	204584954	0.1	0.095	1.0	99.6	59	0	0.05	T:C	
28	rs4675398	204585315	0.488	0.487	1.0	96.3	50	0	0.42	A:C	
29	rs4675399	204585365	0.148	0.161	0.409	99.3	58	0	0.089	A:G	
30	rs6756377	204585606	0.1	0.095	1.0	99.6	60	0	0.05	G:A	
31	rs12622182	204586127	0.081	0.086	0.6938	100.0	60	0	0.045	G:C	
32	rs4675400	204586463	0.295	0.308	0.6501	99.6	59	0	0.19	G:C	
33	rs3116517	204587089	0.029	0.028	1.0	98.9	58	0	0.014	G:A	
34	rs1365829	204587126	0.476	0.46	0.7498	99.3	59	0	0.358	T:C	
35	rs6706627	204587267	0.05	0.049	1.0	93.3	45	0	0.025	G:A	
36	rs13428883	204587798	0.1	0.095	1.0	99.6	59	0	0.05	C:G	
37	rs13034569	204588572	0.0	0.0	1.0	100.0	60	0	0.0	C:C	
38	rs7598918	204589046	0.0	0.0	1.0	99.6	59	0	0.0	G:G	
39	rs17210865	204589198	0.1	0.095	1.0	99.3	59	0	0.05	G:A	
40	rs16840540	204589553	0.225	0.229	0.9836	99.3	59	0	0.132	G:A	
41	rs10197040	204589800	0.1	0.095	1.0	99.6	59	0	0.05	G:T	
42	rs10164438	204589885	0.101	0.096	1.0	98.9	59	0	0.05	T:G	
43	rs10199454	204590110	0.069	0.067	1.0	95.6	53	0	0.034	C:T	
44	rs10497875	204590565	0.048	0.047	1.0	99.3	60	0	0.024	A:T	
45	rs1344635	204591421	0.033	0.033	1.0	99.3	58	0	0.017	C:A	
46	rs1344636	204591567	0.167	0.169	1.0	99.6	60	0	0.093	T:C	
47	rs10206102	204592087	0.091	0.087	1.0	98.5	56	0	0.046	C:T	
48	rs3096734	204592585	0.312	0.325	0.6853	99.3	59	0	0.204	C:T	
49	rs11695028	204592877	0.224	0.228	0.9752	99.3	58	0	0.131	G:A	
50	rs6737632	204592944	0.06	0.058	1.0	94.4	48	0	0.03	A:G	
51	rs1427369	204593064	0.498	0.473	0.5582	99.6	59	0	0.383	T:C	
52	rs6709450	204593159	0.0	0.0	1.0	98.1	56	0	0.0	G:G	
53	rs13431381	204593775	0.0	0.0	1.0	99.3	58	0	0.0	C:C	
54	rs11695451	204593817	0.0	0.0	1.0	98.5	56	0	0.0	G:G	
55	rs3096732	204594139	0.0	0.0	1.0	95.9	50	0	0.0	A:A	
56	rs7564863	204594259	0.0	0.0	1.0	98.9	57	0	0.0	G:G	
57	rs10165840	204594393	0.005	0.005	1.0	99.3	58	0	0.002	C:G	
58	rs2353319	204594629	0.524	0.5	0.6045	98.9	57	0	0.5	A:A	
59	rs11884257	204594719	0.157	0.161	0.9764	100.0	60	0	0.088	C:T	
60	rs16840551	204595985	0.23	0.233	1.0	97.0	53	0	0.135	A:G	
61	rs13391487	204596812	0.0	0.014	0.007	63.3	24	0	0.007	G:A	
62	rs16840552	204596847	0.239	0.232	0.9524	98.1	55	0	0.134	C:T	
63	rs1427370	204597020	0.239	0.239	1.0	99.6	60	0	0.139	A:G	
64	rs1427371	204597057	0.239	0.239	1.0	99.6	60	0	0.139	T:G	
65	rs4675401	204597313	0.106	0.117	0.3582	99.3	59	0	0.062	G:A	
66	rs16840554	204598271	0.234	0.236	1.0	98.9	57	0	0.136	A:C	
67	rs11688227	204599073	0.242	0.241	1.0	98.5	56	0	0.14	C:T	
68	rs11897971	204599649	0.237	0.23	0.9994	98.9	60	0	0.133	G:A	
69	rs6717395	204600810	0.239	0.218	0.3252	94.8	52	0	0.124	G:A	
70	rs11900854	204601720	0.244	0.236	0.8889	99.3	58	0	0.136	G:T	
71	rs3096731	204601851	0.0	0.0	1.0	99.3	59	0	0.0	C:C	
72	rs16840559	204602070	0.261	0.261	1.0	98.1	57	0	0.155	T:C	
73	rs16840562	204602796	0.045	0.054	0.266	94.4	52	0	0.028	T:A	
74	rs4143801	204603011	0.0	0.01	0.0049	97.0	57	0	0.005	A:G	
75	rs4143800	204603013	0.239	0.239	1.0	99.6	60	0	0.139	T:C	
76	rs4143802	204603235	0.175	0.173	1.0	66.3	59	0	0.096	T:C	
77	rs2353320	204603405	0.49	0.499	0.8735	95.2	51	0	0.483	C:G	
78	rs2059703	204603586	0.0	0.0	1.0	100.0	60	0	0.0	T:T	
