1	rs6678165	12123827	0.224	0.337	0.0021	58.5	43	0	0.215	T:C	
2	rs755398	12124682	0.526	0.498	0.5177	99.3	59	0	0.469	G:C	
3	rs11569949	12125479	0.005	0.005	1.0	99.6	59	0	0.002	G:A	
4	rs11121880	12125541	0.024	0.024	1.0	99.3	59	0	0.012	C:T	
5	rs11569950	12125745	0.0	0.0	1.0	100.0	60	0	0.0	G:G	
6	rs520311	12126187	0.007	0.007	1.0	64.8	30	0	0.003	G:C	
7	rs7525045	12126349	0.0	0.0	1.0	99.3	60	0	0.0	C:C	
8	rs11569957	12126461	0.019	0.019	1.0	99.6	60	0	0.01	G:C	
9	rs11569958	12126767	0.005	0.005	1.0	99.6	59	0	0.002	A:C	
10	rs6673261	12126870	0.038	0.037	1.0	100.0	60	0	0.019	C:T	
11	rs1148467	12126941	0.073	0.088	0.1172	97.8	58	0	0.046	G:A	
12	rs12124763	12127153	0.0	0.0	1.0	100.0	60	0	0.0	G:G	
13	rs11569962	12127546	0.0	0.0	1.0	99.6	59	0	0.0	A:A	
14	rs11569964	12127671	0.01	0.01	1.0	99.6	59	0	0.005	G:A	
15	rs11569965	12127792	0.0	0.0	1.0	100.0	60	0	0.0	G:G	
16	rs11121881	12128112	0.071	0.095	0.0185	100.0	60	0	0.05	G:A	
17	rs11569966	12128215	0.01	0.01	1.0	97.4	55	0	0.005	C:T	
18	rs11569967	12128402	0.029	0.028	1.0	99.6	60	0	0.014	C:A	
19	rs11569968	12128427	0.005	0.005	1.0	98.1	56	0	0.002	C:A	
20	rs11569971	12128498	0.0	0.0	1.0	99.3	58	0	0.0	C:C	
21	rs11569972	12128512	0.005	0.005	1.0	100.0	60	0	0.002	C:T	
22	rs11569973	12128704	0.01	0.01	1.0	96.3	53	0	0.005	C:T	
23	rs495458	12128820	0.0	0.0	1.0	57.0	20	1	0.0	C:C	
24	rs1890586	12128902	0.024	0.024	1.0	99.3	59	0	0.012	T:C	
25	rs12071743	12128940	0.0	0.0	1.0	100.0	60	0	0.0	G:G	
26	rs641941	12129239	0.424	0.426	1.0	100.0	60	0	0.307	A:G	
27	rs631272	12129342	0.453	0.449	1.0	97.0	57	0	0.34	G:A	
28	rs630542	12129453	0.407	0.447	0.2357	99.6	60	0	0.337	G:T	
29	rs1889794	12129618	0.0	0.0	1.0	99.3	58	0	0.0	C:C	
30	rs2854981	12130777	0.0	0.0	1.0	98.9	59	0	0.0	A:A	
31	rs7546111	12131612	0.0	0.0	1.0	89.3	47	1	0.0	G:G	
32	rs678160	12133740	0.0	0.0	1.0	99.6	59	0	0.0	C:C	
33	rs675858	12134249	0.005	0.005	1.0	93.7	52	0	0.003	A:G	
34	rs1148461	12135924	0.493	0.467	0.5477	98.5	57	0	0.372	A:G	
35	rs6660511	12139061	0.076	0.109	0.0035	94.1	49	1	0.058	A:C	
36	rs1148460	12139075	0.483	0.468	0.7833	97.8	58	0	0.373	A:C	
37	rs12090330	12139883	0.02	0.02	1.0	93.7	49	0	0.01	C:T	
38	rs12075359	12140277	0.1	0.137	0.0044	100.0	60	0	0.074	A:T	
39	rs1148459	12140439	0.507	0.475	0.4189	99.3	59	0	0.388	T:G	
40	rs652284	12141399	0.37	0.387	0.6286	99.3	59	0	0.262	G:A	
41	rs816060	12142497	0.365	0.375	0.8143	99.3	59	0	0.25	A:G	
42	rs590368	12146038	0.368	0.39	0.5039	99.6	60	0	0.266	G:A	
43	rs590314	12146069	0.419	0.424	0.9669	100.0	60	0	0.305	G:A	
44	rs686190	12146426	0.116	0.134	0.1523	98.9	59	0	0.072	T:C	
45	rs522807	12146826	0.211	0.253	0.0388	99.6	60	0	0.148	C:A	
46	rs520916	12147040	0.054	0.053	1.0	65.6	30	0	0.027	A:G	
47	rs5745937	12147932	0.0	0.0	1.0	61.9	30	0	0.0	T:T	
48	rs652625	12147938	0.215	0.221	0.8555	99.3	59	0	0.127	T:A	
49	rs5745954	12150428	0.086	0.091	0.7587	99.6	60	0	0.048	G:C	
50	rs559011	12153218	0.115	0.117	1.0	98.9	59	0	0.062	C:G	
51	rs4570435	12154168	0.0	0.0	1.0	94.8	50	0	0.0	A:A	
52	rs12062134	12154241	0.049	0.048	1.0	97.8	56	0	0.024	C:T	
53	rs11809661	12155103	0.038	0.038	1.0	98.9	59	0	0.019	T:A	
54	rs496888	12155393	0.435	0.39	0.1359	99.3	59	0	0.266	T:C	
55	rs5745959	12155547	0.0	0.0	1.0	93.7	49	0	0.0	G:G	
56	rs5745960	12155585	0.0	0.0	1.0	100.0	60	0	0.0	C:C	
57	rs494964	12155595	0.024	0.024	1.0	100.0	60	0	0.012	C:T	
58	rs1148458	12155648	0.0	0.0	1.0	93.0	49	0	0.0	G:G	
59	rs5745961	12155891	0.0	0.0	1.0	98.5	58	0	0.0	C:C	
60	rs976881	12156341	0.292	0.312	0.4351	99.3	58	0	0.194	C:T	
61	rs597519	12157472	0.062	0.06	1.0	99.6	60	0	0.031	T:C	
62	rs12090385	12157570	0.01	0.01	1.0	97.0	54	0	0.005	G:A	
63	rs5745968	12157906	0.0	0.0	1.0	98.5	59	0	0.0	A:A	
64	rs5745973	12161557	0.015	0.015	1.0	96.3	51	0	0.007	C:T	
65	rs5745974	12161630	0.0	0.0	1.0	99.3	59	0	0.0	G:G	
66	rs499646	12161676	0.317	0.289	0.8653	33.3	30	0	0.175	G:A	
67	rs632756	12162107	0.038	0.038	1.0	99.6	60	0	0.019	C:T	
68	rs5745977	12162117	0.073	0.07	1.0	98.1	56	0	0.036	G:A	
69	rs5745980	12162684	0.01	0.01	1.0	99.6	60	0	0.005	G:A	
70	rs5745981	12162733	0.01	0.01	1.0	98.5	58	0	0.005	A:T	
71	rs5745982	12162927	0.0	0.0	1.0	95.9	55	0	0.0	A:A	
72	rs5745984	12163002	0.033	0.033	1.0	99.6	60	0	0.017	C:G	
73	rs5745985	12163183	0.01	0.009	1.0	99.6	59	0	0.005	A:T	
74	rs3766730	12163263	0.225	0.236	0.6589	99.3	59	0	0.136	G:A	
75	rs3766728	12163477	0.005	0.005	1.0	98.5	59	0	0.002	A:G	
76	rs3766727	12163532	0.0	0.0	1.0	97.4	58	0	0.0	C:C	
77	rs550132	12163637	0.105	0.116	0.3527	100.0	60	0	0.062	T:C	
78	rs5745988	12164198	0.0	0.0	1.0	94.4	52	0	0.0	G:G	
79	rs5745989	12164259	0.015	0.014	1.0	98.1	57	0	0.007	G:A	
80	rs816050	12164578	0.217	0.231	0.5299	96.3	54	1	0.133	G:A	
81	rs519064	12164683	0.034	0.034	1.0	97.4	55	0	0.017	C:T	
82	rs6697733	12165045	0.314	0.318	0.9994	94.1	57	0	0.198	T:C	
83	rs17037696	12165861	0.353	0.336	0.6868	88.5	43	1	0.214	C:T	
84	rs542282	12165964	0.358	0.331	0.5174	59.6	20	0	0.209	G:C	
85	rs12043781	12166004	0.0	0.0	1.0	95.9	54	0	0.0	A:A	
86	rs505844	12167616	0.33	0.33	1.0	99.3	59	0	0.208	T:C	
87	rs12048984	12167739	0.0	0.0	1.0	93.3	49	0	0.0	G:G	
88	rs3766725	12167823	0.0	0.0	1.0	100.0	60	0	0.0	G:G	
89	rs478143	12168295	0.318	0.319	1.0	94.4	50	0	0.199	T:G	
90	rs474247	12168762	0.393	0.395	1.0	96.7	55	0	0.271	C:T	
91	rs5745993	12169595	0.123	0.116	1.0	61.9	29	0	0.062	C:G	
92	rs5745994	12169715	0.017	0.016	1.0	87.4	44	0	0.008	C:T	
93	rs5745995	12169849	0.0	0.0	1.0	100.0	60	0	0.0	G:G	
94	rs529932	12170114	0.005	0.005	1.0	97.8	57	0	0.002	C:T	
95	rs5745999	12170530	0.0	0.0	1.0	94.8	51	0	0.0	G:G	
96	rs603686	12170694	0.0	0.0	1.0	98.9	58	0	0.0	G:G	
97	rs603151	12170878	0.311	0.312	1.0	99.3	59	0	0.194	G:C	
98	rs5746000	12170937	0.01	0.01	1.0	99.3	59	0	0.005	G:A	
99	rs17885329	12171090	0.214	0.221	0.8475	100.0	60	0	0.126	G:A	
100	rs5746002	12171145	0.019	0.019	1.0	98.9	58	0	0.01	G:A	
101	rs590943	12171272	0.02	0.02	1.0	95.2	49	0	0.01	G:A	
102	rs5746003	12171326	0.085	0.081	1.0	95.9	52	0	0.042	A:T	
103	rs945439	12171529	0.325	0.315	0.8595	99.3	58	0	0.196	A:G	
104	rs1201157	12171618	0.505	0.455	0.1607	97.8	56	0	0.35	G:A	
105	rs5746004	12171671	0.0	0.0	1.0	99.6	60	0	0.0	C:C	
106	rs5746005	12171713	0.005	0.005	1.0	100.0	60	0	0.002	C:T	
107	rs5746008	12171961	0.0	0.0	1.0	96.3	56	0	0.0	C:C	
108	rs5746009	12172155	0.0	0.0	1.0	96.3	51	0	0.0	A:A	
109	rs525891	12172230	0.312	0.308	1.0	98.9	59	1	0.19	A:T	
110	rs548580	12172357	0.295	0.302	0.8553	99.6	59	0	0.186	G:A	
111	rs683240	12172416	0.378	0.341	0.2403	83.0	38	0	0.218	A:G	
112	rs550523	12172575	0.295	0.296	1.0	100.0	60	0	0.181	G:A	
113	rs5746011	12172591	0.005	0.005	1.0	97.0	55	0	0.002	T:C	
114	rs681906	12172681	0.01	0.01	1.0	93.0	48	0	0.005	T:C	
115	rs5746012	12172775	0.029	0.028	1.0	98.5	58	0	0.014	C:A	
116	rs5746013	12173256	0.0	0.0	1.0	98.9	58	0	0.0	A:A	
117	rs5746014	12173475	0.034	0.034	1.0	98.1	58	0	0.017	T:C	
118	rs5746016	12173566	0.029	0.029	1.0	98.5	57	0	0.014	C:T	
119	rs666078	12173905	0.25	0.26	0.7028	98.1	56	0	0.154	G:A	
120	rs653667	12174395	0.419	0.418	1.0	97.0	55	0	0.298	T:G	
121	rs5746023	12174630	0.0	0.0	1.0	99.6	59	0	0.0	C:C	
122	rs5746024	12174648	0.0	0.0	1.0	99.6	59	0	0.0	C:C	
123	rs13306721	12174803	0.0	0.0	1.0	100.0	60	0	0.0	C:C	
124	rs2275415	12175160	0.005	0.005	1.0	98.9	59	0	0.002	C:T	
125	rs1768642	12175479	0.333	0.309	0.3793	98.9	58	0	0.191	C:T	
126	rs2228494	12175514	0.019	0.019	1.0	99.3	59	0	0.01	G:A	
127	rs1061622	12175542	0.332	0.314	0.5987	98.1	60	0	0.195	T:G	
128	rs5746026	12175649	0.043	0.042	1.0	99.3	59	0	0.022	G:A	
129	rs5746027	12175661	0.0	0.0	1.0	97.0	55	0	0.0	G:G	
130	rs5746029	12175885	0.0	0.0	1.0	100.0	60	0	0.0	C:C	
131	rs636964	12175938	0.347	0.324	0.474	94.4	49	0	0.204	T:C	
132	rs2229700	12176602	0.03	0.029	1.0	96.3	53	0	0.015	T:C	
133	rs2275416	12176788	0.254	0.263	0.7565	99.6	60	0	0.156	G:A	
134	rs5746032	12177246	0.0	0.0	1.0	100.0	60	0	0.0	A:A	
135	rs5746034	12177370	0.0	0.0	1.0	100.0	60	0	0.0	G:G	
136	rs5746036	12177775	0.02	0.019	1.0	96.7	55	1	0.01	G:T	
137	rs5746037	12177863	0.0	0.0	1.0	100.0	60	0	0.0	G:G	
138	rs590977	12177947	0.267	0.258	0.9023	100.0	60	0	0.152	A:C	
139	rs5746038	12178212	0.0	0.0	1.0	100.0	60	0	0.0	G:G	
140	rs5746039	12178215	0.0	0.0	1.0	100.0	60	0	0.0	T:T	
141	rs5746040	12178335	0.077	0.074	1.0	99.3	59	0	0.038	G:C	
142	rs5746041	12178391	0.01	0.009	1.0	100.0	60	0	0.005	C:G	
143	rs235253	12178758	0.01	0.009	1.0	100.0	60	0	0.005	A:G	
144	rs235251	12179977	0.029	0.038	0.1319	99.3	58	0	0.019	A:G	
145	rs170958	12180243	0.026	0.026	1.0	91.9	48	0	0.013	T:C	
146	rs235249	12180818	0.398	0.363	0.234	98.5	57	0	0.238	T:C	
147	rs5746046	12183267	0.0	0.0	1.0	93.3	53	0	0.0	A:A	
148	rs5746050	12184429	0.0	0.0	1.0	100.0	60	0	0.0	C:C	
149	rs5746051	12184559	0.273	0.263	0.8286	99.6	60	0	0.156	A:G	
150	rs5746053	12184885	0.314	0.302	0.7822	100.0	60	0	0.186	G:A	
151	rs5746057	12185277	0.276	0.368	0.0588	28.1	0	0	0.243	A:C	
152	rs5746059	12185379	0.271	0.281	0.7534	100.0	60	0	0.169	A:G	
153	rs235223	12186321	0.0	0.0	1.0	98.1	58	0	0.0	G:G	
154	rs235219	12186942	0.072	0.069	1.0	99.3	59	0	0.036	G:A	
155	rs5746061	12189178	0.175	0.206	0.0768	97.8	56	0	0.117	A:G	
156	rs1061624	12189852	0.512	0.5	0.8627	98.9	58	0	0.5	A:A	
157	rs3397	12189879	0.388	0.452	0.0589	97.8	56	0	0.345	C:T	
158	rs5746068	12190142	0.044	0.043	1.0	97.4	57	0	0.022	C:G	
159	rs1061628	12190586	0.424	0.458	0.336	100.0	60	0	0.355	C:T	
160	rs6668561	12190744	0.0	0.0	1.0	98.9	57	0	0.0	C:C	
161	rs5746072	12190841	0.0	0.0	1.0	100.0	60	0	0.0	C:C	
162	rs11807940	12190929	0.0	0.0	1.0	99.6	60	0	0.0	C:C	
163	rs1061631	12191086	0.189	0.179	0.76	98.5	58	0	0.1	G:A	
164	rs1800621	12191158	0.058	0.057	1.0	97.8	56	0	0.029	A:G	
165	rs1061642	12191217	0.005	0.005	1.0	99.3	58	0	0.002	C:A	
166	rs5746074	12191308	0.048	0.046	1.0	100.0	60	0	0.024	G:A	
167	rs5746075	12191424	0.005	0.005	1.0	93.3	53	0	0.003	G:A	
168	rs12075907	12192000	0.0	0.0	1.0	99.3	58	0	0.0	G:G	
169	rs12075992	12192139	0.0	0.0	1.0	98.5	57	0	0.0	G:G	
170	rs742353	12192294	0.03	0.029	1.0	96.7	53	0	0.015	G:A	
171	rs5746076	12192347	0.025	0.025	1.0	95.6	54	0	0.013	C:G	
172	rs235215	12192534	0.433	0.494	0.0935	100.0	60	0	0.445	A:G	
173	rs235214	12194090	0.447	0.421	0.4986	98.5	57	0	0.301	C:T	
174	rs12038264	12198661	0.0	0.0	1.0	97.8	58	0	0.0	C:C	
175	rs12038316	12198903	0.032	0.031	1.0	92.2	54	0	0.016	C:T	
176	rs4846100	12200251	0.469	0.489	0.625	99.3	59	0	0.426	C:G	
177	rs7552664	12200554	0.315	0.299	0.6498	93.7	53	1	0.183	C:A	
178	rs7550488	12201519	0.418	0.402	0.7327	95.9	55	0	0.279	G:A	
179	rs235237	12202168	0.115	0.149	0.0115	99.6	60	0	0.081	T:C	
180	rs235236	12202620	0.228	0.366	2.1847E-5	66.3	30	0	0.242	A:G	
181	rs17037861	12203860	0.118	0.128	0.4699	97.4	54	0	0.069	A:G	
