1	rs16907499	120466702	0.105	0.099	1.0	100.0	60	0	0.052	A:T	
2	rs10733632	120466781	0.385	0.434	0.1598	85.9	39	0	0.319	A:G	
3	rs10984153	120467806	0.239	0.246	0.8197	98.1	58	0	0.144	G:A	
4	rs1414096	120468210	0.45	0.477	0.4765	99.6	60	0	0.392	A:G	
5	rs4837571	120469179	0.452	0.478	0.5044	98.5	57	0	0.394	G:A	
6	rs11788602	120470466	0.058	0.065	0.4066	98.9	58	0	0.034	A:T	
7	rs7849371	120470701	0.105	0.099	1.0	100.0	60	0	0.052	G:A	
8	rs10818212	120472200	0.278	0.285	0.83	99.3	59	0	0.172	C:G	
9	rs16907501	120473075	0.101	0.096	1.0	98.5	58	1	0.051	G:A	
10	rs2292244	120473419	0.44	0.409	0.3757	99.6	60	0	0.287	A:T	
11	rs12349014	120473622	0.233	0.242	0.7464	98.5	59	0	0.141	T:C	
12	rs12351456	120475225	0.229	0.239	0.6923	98.1	59	0	0.139	T:C	
13	rs12351498	120475287	0.244	0.249	0.9123	99.6	60	0	0.146	T:C	
14	rs7028256	120477486	0.234	0.236	1.0	99.6	60	0	0.136	G:A	
15	rs4440690	120478857	0.438	0.431	1.0	99.3	59	0	0.315	A:G	
16	rs10118723	120479346	0.426	0.434	0.8804	99.6	60	0	0.318	A:G	
