1	rs992904	61554954	0.297	0.5	4.6172E-9	99.6	60	0	0.493	T:C	
2	rs9897921	61555230	0.154	0.184	0.0693	92.6	51	1	0.103	A:C	
3	rs229857	61555637	0.267	0.391	1.4094E-5	100.0	60	0	0.267	A:T	
4	rs9904627	61555793	0.305	0.498	2.3277E-8	100.0	60	0	0.467	T:C	
5	rs229856	61557027	0.005	0.005	1.0	99.3	60	0	0.002	T:C	
6	rs8065323	61557422	0.397	0.461	0.0578	99.6	59	0	0.361	T:C	
7	rs7211683	61558017	0.19	0.188	1.0	100.0	60	0	0.105	A:T	
8	rs12602988	61559050	0.0	0.0	1.0	99.6	60	0	0.0	G:G	
9	rs229854	61559222	0.382	0.499	0.0019	89.3	43	0	0.476	T:A	
10	rs7223972	61560538	0.0	0.0	1.0	100.0	60	0	0.0	G:G	
11	rs874618	61560666	0.321	0.376	0.0501	98.9	57	0	0.251	G:A	
12	rs229853	61561084	0.376	0.498	5.0E-4	100.0	60	0	0.469	A:G	
13	rs9910950	61562172	0.1	0.095	1.0	100.0	60	0	0.05	A:G	
14	rs9911603	61562364	0.0	0.0	1.0	91.9	50	0	0.0	C:C	
15	rs8078801	61563207	0.222	0.236	0.5679	93.3	43	0	0.136	C:T	
16	rs9891968	61563308	0.1	0.095	1.0	99.6	59	0	0.05	G:A	
17	rs229851	61563760	0.376	0.498	5.0E-4	99.6	59	0	0.469	T:G	
18	rs2165842	61563796	0.186	0.191	0.8594	100.0	60	0	0.107	G:A	
19	rs7208192	61564155	0.353	0.436	0.0143	89.3	44	0	0.321	C:A	
20	rs151134	61564165	0.317	0.499	9.0168E-7	88.9	47	0	0.476	T:C	
21	rs7209395	61564188	0.2	0.231	0.1036	100.0	60	0	0.133	T:C	
22	rs12949444	61564331	0.224	0.221	1.0	100.0	60	0	0.126	G:A	
23	rs9908597	61565145	0.1	0.095	1.0	100.0	60	0	0.05	T:G	
24	rs9893999	61566722	0.183	0.167	1.0	33.3	30	0	0.092	C:T	
25	rs1304236	61568928	0.219	0.238	0.3582	100.0	60	0	0.138	T:G	
26	rs230573	61570503	0.0	0.0	1.0	99.3	59	0	0.0	C:C	
27	rs7207705	61570924	0.01	0.01	1.0	99.3	58	0	0.005	G:A	
28	rs1115389	61574194	0.0	0.0	1.0	100.0	60	0	0.0	C:C	
29	rs11079644	61575075	0.2	0.202	1.0	100.0	60	0	0.114	G:A	
