1	rs12409403	169692742	0.28	0.329	0.055	98.9	58	1	0.208	T:G	
2	rs10913069	169692805	0.28	0.329	0.055	98.9	58	1	0.208	C:T	
3	rs6670505	169693072	0.332	0.336	0.9606	99.6	59	0	0.214	C:A	
4	rs11587697	169693144	0.0	0.0	1.0	100.0	59	0	0.0	C:C	
5	rs6670807	169693401	0.324	0.332	0.8348	98.9	58	1	0.21	C:T	
6	rs10798416	169695897	0.289	0.324	0.1788	97.8	56	1	0.203	G:A	
7	rs4916228	169696033	0.12	0.129	0.5052	100.0	59	0	0.069	G:C	
8	rs12407816	169698435	0.282	0.376	8.0E-4	100.0	59	0	0.251	G:A	
9	rs11808996	169698478	0.0	0.0	1.0	100.0	59	0	0.0	C:C	
10	rs11807733	169698691	0.227	0.241	0.6363	66.5	29	0	0.14	G:T	
11	rs12731991	169699120	0.271	0.268	1.0	99.3	58	0	0.159	A:T	
12	rs12741782	169699733	0.267	0.476	4.3188E-10	98.9	59	0	0.391	T:C	
13	rs11589825	169700597	0.062	0.06	1.0	100.0	59	0	0.031	T:C	
14	rs12143484	169700771	0.086	0.091	0.7587	100.0	59	0	0.048	T:A	
15	rs10489247	169700955	0.172	0.181	0.6816	100.0	59	0	0.1	T:G	
16	rs7548302	169701060	0.087	0.083	1.0	99.6	59	0	0.043	C:T	
17	rs7544906	169702101	0.309	0.306	1.0	98.9	57	0	0.188	G:A	
18	rs16864515	169702166	0.126	0.134	0.568	98.9	58	1	0.072	C:A	
19	rs12145591	169702776	0.0	0.0	1.0	66.5	29	0	0.0	T:T	
