1	rs7957	23049312	0.359	0.366	0.8697	100.0	60	0	0.242	T:C	
2	rs6557617	23049743	0.158	0.174	0.8255	32.0	28	1	0.096	C:T	
3	rs12679849	23050079	0.0	0.0	1.0	33.5	30	0	0.0	C:C	
4	rs7011011	23051941	0.019	0.019	1.0	100.0	60	0	0.01	A:C	
5	rs7011559	23052253	0.344	0.37	0.6275	54.3	35	1	0.245	A:G	
6	rs6990923	23052335	0.038	0.037	1.0	87.7	40	0	0.019	G:A	
7	rs4278155	23052724	0.416	0.464	0.169	100.0	60	0	0.366	A:C	
8	rs10112528	23052823	0.0	0.0	1.0	62.1	24	0	0.0	G:G	
9	rs13266164	23054715	0.0	0.0	1.0	95.2	48	0	0.0	C:C	
10	rs4242391	23056128	0.33	0.459	8.8199E-5	100.0	60	0	0.356	C:T	
11	rs4872059	23056392	0.078	0.13	9.3642E-5	90.3	43	0	0.07	G:A	
12	rs6557618	23057070	0.225	0.214	0.7623	100.0	60	0	0.122	T:A	
13	rs1133782	23057933	0.308	0.38	0.0112	99.3	58	0	0.255	G:A	
14	rs3924519	23060574	0.346	0.488	4.0175E-5	99.6	59	0	0.423	C:T	
15	rs7831991	23061758	0.084	0.206	3.3777E-11	96.7	56	0	0.116	T:C	
16	rs4871850	23062121	0.446	0.5	0.1488	97.0	55	0	0.495	G:A	
17	rs13257094	23063123	0.196	0.222	0.1671	97.0	55	1	0.127	G:A	
18	rs7464769	23063738	0.373	0.468	0.005	100.0	60	0	0.373	T:C	
19	rs7014131	23064551	0.297	0.327	0.2478	100.0	60	0	0.206	T:A	
20	rs7014637	23065082	0.01	0.019	0.0292	98.9	59	0	0.01	A:C	
21	rs7462795	23066243	0.371	0.422	0.1097	98.1	57	1	0.302	C:T	
22	rs6982459	23069864	0.062	0.078	0.0733	99.6	59	0	0.041	G:A	
23	rs7838365	23073512	0.096	0.133	0.0032	100.0	60	0	0.072	G:T	
24	rs10087898	23073636	0.365	0.433	0.0341	99.6	59	0	0.317	T:C	
25	rs10102276	23075194	0.37	0.451	0.014	99.3	58	0	0.344	G:A	
26	rs7463799	23075599	0.376	0.451	0.0232	97.8	55	0	0.344	T:C	
27	rs4872067	23076032	0.256	0.283	0.436	64.7	54	0	0.171	A:T	
28	rs4871852	23076341	0.255	0.276	0.5999	57.2	38	0	0.165	A:T	
29	rs6651394	23078565	0.406	0.474	0.0496	98.9	57	0	0.386	T:C	
30	rs4872071	23079590	0.01	0.01	1.0	100.0	60	0	0.005	C:T	
31	rs6557621	23080615	0.026	0.046	0.005	93.3	53	0	0.023	T:G	
32	rs11776966	23081597	0.01	0.01	1.0	100.0	60	0	0.005	G:C	
