1	rs11926966	148415942	0.295	0.331	0.165	100.0	60	0	0.21	A:G	
2	rs9870548	148416230	0.45	0.49	0.2747	99.6	60	0	0.431	T:C	
3	rs9833013	148416338	0.27	0.433	1.1811E-5	64.4	25	0	0.318	A:G	
4	rs9815536	148416434	0.297	0.304	0.8679	99.6	59	0	0.187	T:C	
5	rs16859245	148416965	0.024	0.024	1.0	99.6	59	0	0.012	G:C	
6	rs11923199	148417579	0.043	0.042	1.0	99.6	59	0	0.021	C:T	
7	rs9289743	148420677	0.438	0.487	0.1781	100.0	60	0	0.419	G:C	
8	rs9869326	148421236	0.447	0.49	0.2442	98.9	59	1	0.43	G:A	
9	rs6440475	148421696	0.424	0.5	0.0389	97.8	57	0	0.5	A:A	
10	rs4343594	148425321	0.0	0.0	1.0	99.3	59	0	0.0	C:C	
11	rs9839538	148425802	0.254	0.256	1.0	99.6	60	0	0.151	T:C	
12	rs12633303	148425886	0.0	0.0	1.0	100.0	60	0	0.0	T:T	
13	rs9826260	148427427	0.235	0.23	1.0	94.4	49	0	0.133	G:C	
14	rs13063154	148429739	0.134	0.173	0.0103	99.6	59	0	0.096	C:A	
15	rs9833001	148430030	0.391	0.355	0.4286	64.4	55	0	0.23	C:T	
16	rs9855652	148430789	0.31	0.366	0.3751	32.2	29	1	0.241	G:A	
17	rs6773593	148431076	0.0	0.0	1.0	94.1	51	0	0.0	G:G	
18	rs13075835	148432160	0.0	0.0	1.0	95.2	53	0	0.0	C:C	
19	rs6779606	148432367	0.0	0.0	1.0	100.0	60	0	0.0	C:C	
20	rs9824666	148432518	0.428	0.484	0.1165	99.3	60	0	0.411	T:C	
21	rs9845113	148436001	0.464	0.496	0.4045	99.6	60	0	0.457	G:C	
22	rs1500858	148438544	0.431	0.484	0.1346	99.6	60	0	0.411	T:C	
23	rs6782761	148438941	0.014	0.014	1.0	99.6	60	0	0.007	G:A	
24	rs11715829	148439856	0.043	0.042	1.0	99.6	60	0	0.022	T:C	
25	rs13325063	148442121	0.0	0.0	1.0	90.7	46	0	0.0	G:G	
26	rs10935663	148442795	0.258	0.338	0.0019	99.6	60	0	0.215	A:G	
27	rs12695835	148443334	0.354	0.463	0.0011	99.6	60	0	0.364	C:T	
28	rs11919052	148445717	0.0	0.0	1.0	97.0	53	0	0.0	A:A	
29	rs6807386	148447292	0.23	0.253	0.3875	65.9	29	0	0.149	T:C	
30	rs12496794	148447518	0.048	0.056	0.3011	99.3	59	0	0.029	C:T	
31	rs7651742	148447980	0.0	0.0	1.0	99.6	60	0	0.0	T:T	
32	rs9878692	148452664	0.433	0.483	0.1688	100.0	60	0	0.407	A:C	
33	rs9857512	148456073	0.344	0.446	0.0017	99.6	60	0	0.335	A:C	
