1	rs3740094	44793323	0.279	0.287	0.8207	97.0	54	0	0.174	C:T	
2	rs11555140	44793353	0.005	0.005	1.0	97.0	55	0	0.002	T:C	
3	rs12251910	44793982	0.005	0.005	1.0	98.9	58	0	0.002	G:A	
4	rs2274887	44794287	0.014	0.014	1.0	98.5	58	0	0.007	C:T	
5	rs2274888	44794346	0.1	0.095	1.0	66.7	30	0	0.05	G:C	
6	rs3818713	44794449	0.14	0.175	0.0643	66.7	30	0	0.097	C:A	
7	rs3758402	44795923	0.402	0.442	0.2308	98.9	58	0	0.33	T:C	
8	rs3758401	44796134	0.414	0.5	0.0187	95.9	51	0	0.488	T:C	
9	rs3758400	44796218	0.01	0.01	1.0	94.4	58	0	0.005	T:C	
10	rs3758399	44796301	0.07	0.067	1.0	95.9	54	0	0.035	T:G	
11	rs914702	44797532	0.2	0.231	0.5261	33.0	29	0	0.133	G:C	
12	rs870957	44798098	0.344	0.417	0.018	99.6	60	0	0.297	A:G	
13	rs7079700	44798687	0.333	0.338	0.9758	98.9	59	0	0.215	T:G	
14	rs869156	44799058	0.358	0.445	0.0261	65.9	30	0	0.334	C:A	
15	rs871043	44799440	0.354	0.419	0.0394	97.8	56	0	0.299	G:A	
16	rs11239301	44799720	0.323	0.323	1.0	91.5	44	0	0.203	G:A	
17	rs7896801	44801458	0.354	0.419	0.0394	98.5	56	0	0.299	A:G	
18	rs17157321	44801498	0.057	0.074	0.0566	99.6	59	0	0.038	G:C	
19	rs4245615	44804314	0.427	0.491	0.0793	97.8	56	0	0.432	C:T	
20	rs11593886	44805025	0.0	0.0	1.0	89.6	43	0	0.0	C:C	
21	rs7918812	44806372	0.01	0.01	1.0	94.1	48	0	0.005	G:A	
22	rs3814568	44806581	0.236	0.241	1.0	33.0	0	0	0.14	G:A	
23	rs11239303	44808308	0.148	0.169	0.1709	99.6	60	0	0.093	A:G	
24	rs3814569	44808949	0.14	0.157	0.2722	89.3	44	1	0.086	C:G	
25	rs6593453	44811264	0.01	0.01	1.0	97.8	55	0	0.005	C:A	
26	rs2297492	44811377	0.207	0.243	0.0654	98.5	58	0	0.142	T:C	
27	rs17157326	44812060	0.087	0.109	0.043	98.9	57	0	0.058	C:T	
28	rs11239306	44812138	0.0	0.0	1.0	98.1	56	0	0.0	G:G	
29	rs11239308	44813039	0.13	0.147	0.2464	98.5	59	1	0.08	C:A	
30	rs12269028	44816126	0.38	0.487	0.0021	99.3	60	0	0.421	A:T	
31	rs11239309	44816851	0.0	0.0	1.0	99.6	59	0	0.0	C:C	
32	rs7068660	44817921	0.206	0.271	0.0027	97.0	53	0	0.162	C:T	
33	rs3740093	44819015	0.154	0.176	0.2826	66.3	30	0	0.097	A:G	
34	rs3740092	44819278	0.106	0.126	0.1039	98.5	58	0	0.067	C:G	
35	rs11471	44819805	0.391	0.411	0.5646	96.3	53	0	0.29	C:T	
36	rs11239310	44819980	0.35	0.413	0.0405	97.8	56	0	0.291	A:G	
37	rs11494	44820227	0.35	0.413	0.0405	97.8	56	0	0.291	A:G	
38	rs11239314	44822086	0.0	0.0	1.0	88.1	38	0	0.0	T:T	
39	rs3740091	44822105	0.0	0.0	1.0	98.5	58	0	0.0	T:T	
40	rs4948650	44823081	0.091	0.112	0.054	99.6	60	0	0.06	T:C	
41	rs7080655	44823480	0.338	0.41	0.0172	99.6	59	0	0.288	T:G	
42	rs2210497	44823885	0.242	0.257	0.6796	58.5	20	0	0.152	C:T	
43	rs6593454	44824018	0.253	0.322	0.006	94.4	48	0	0.202	G:A	
44	rs11239321	44830970	0.169	0.235	0.001	91.1	42	0	0.136	T:C	
45	rs7089925	44831331	0.062	0.069	0.4563	100.0	60	0	0.036	A:G	
46	rs6593456	44831414	0.424	0.468	0.224	97.4	54	0	0.373	G:A	
47	rs4948652	44831583	0.325	0.429	0.0013	91.5	45	0	0.312	G:A	
48	rs11239322	44831809	0.057	0.065	0.377	92.6	53	0	0.034	A:G	
49	rs7077596	44832691	0.268	0.265	1.0	56.3	18	0	0.157	C:G	
50	rs4554839	44833185	0.329	0.402	0.0423	66.3	30	0	0.279	T:C	
51	rs11239323	44834957	0.11	0.129	0.1227	100.0	60	0	0.069	A:G	
52	rs7902918	44835059	0.344	0.405	0.0445	99.6	60	0	0.282	T:C	
53	rs7904261	44836216	0.0	0.0	1.0	99.6	59	0	0.0	G:G	
54	rs10900156	44836942	0.333	0.421	0.0077	88.5	37	0	0.301	G:A	
55	rs2018728	44837353	0.335	0.449	4.0E-4	99.6	60	0	0.34	C:T	
56	rs11239325	44838323	0.091	0.096	0.7961	94.8	54	0	0.051	G:A	
57	rs11239328	44838461	0.0	0.0	1.0	90.4	49	0	0.0	A:A	
58	rs1412615	44838512	0.096	0.117	0.0686	99.3	59	0	0.062	G:A	
59	rs1332627	44838641	0.34	0.449	8.0E-4	97.8	56	0	0.34	G:A	
60	rs7916631	44840781	0.045	0.044	1.0	93.7	47	0	0.023	G:C	
61	rs7916894	44840929	0.388	0.423	0.2781	99.6	60	0	0.304	A:G	
62	rs7915377	44843342	0.211	0.203	0.9452	98.9	58	0	0.115	T:A	
63	rs4332473	44843942	0.397	0.407	1.0	31.9	28	1	0.284	C:T	
64	rs11239332	44845449	0.088	0.11	0.0448	97.8	57	0	0.059	T:C	
65	rs4545512	44845617	0.431	0.476	0.2337	90.7	49	0	0.391	G:T	
66	rs1833034	44847547	0.085	0.081	1.0	32.6	28	0	0.042	C:T	
67	rs11239333	44847557	0.082	0.079	1.0	93.7	51	0	0.041	G:A	
68	rs10751363	44848934	0.397	0.423	0.4465	99.6	59	0	0.304	T:A	
69	rs11595215	44849489	0.124	0.13	0.942	58.1	22	0	0.07	A:G	
70	rs7903517	44850459	0.206	0.207	1.0	99.6	60	0	0.117	C:T	
71	rs10751364	44851406	0.392	0.421	0.3881	99.6	60	0	0.301	C:T	
72	rs1571963	44852077	0.014	0.014	1.0	99.6	60	0	0.007	T:C	
73	rs2226200	44853748	0.0	0.0	1.0	66.3	30	0	0.0	A:A	
74	rs4027067	44854945	0.053	0.051	1.0	99.3	59	0	0.026	C:T	
75	rs3862870	44855922	0.416	0.469	0.1321	96.7	57	0	0.376	C:T	
76	rs10900160	44856852	0.415	0.47	0.1238	95.9	52	0	0.378	T:G	
77	rs10900161	44857032	0.392	0.421	0.3881	99.6	60	0	0.301	T:C	
78	rs10047345	44857350	0.324	0.396	0.0144	100.0	60	0	0.271	A:C	
79	rs3901394	44857980	0.404	0.424	0.5759	96.3	50	0	0.305	A:T	
80	rs3908727	44858882	0.388	0.482	0.0251	64.8	28	0	0.405	C:T	
81	rs3908728	44858909	0.374	0.476	0.0135	65.6	29	0	0.391	T:A	
82	rs3908729	44859569	0.415	0.475	0.0887	97.0	53	0	0.388	C:G	
83	rs4027069	44859749	0.457	0.496	0.4193	60.7	20	1	0.457	A:G	
84	rs3902673	44859769	0.42	0.485	0.1393	64.1	29	0	0.413	C:T	
85	rs11239337	44860266	0.324	0.396	0.0144	100.0	60	0	0.271	C:T	
86	rs10751365	44860367	0.374	0.442	0.0866	65.6	30	0	0.33	C:T	
87	rs4097763	44860923	0.417	0.488	0.1021	63.3	26	0	0.424	A:G	
88	rs3898065	44862201	0.0	0.0	1.0	99.6	60	0	0.0	C:C	
89	rs3898064	44862327	0.0	0.0	1.0	98.5	57	0	0.0	C:C	
90	rs4113680	44862815	0.43	0.49	0.1663	65.6	28	0	0.43	A:G	
91	rs4090379	44862914	0.368	0.457	0.0336	58.9	19	0	0.353	G:T	
92	rs11239339	44863564	0.121	0.139	0.1804	98.5	59	1	0.075	G:A	
93	rs10751366	44864230	0.434	0.489	0.2174	64.1	28	0	0.427	T:A	
94	rs10751367	44864515	0.424	0.471	0.1846	100.0	60	0	0.379	C:T	
95	rs1936392	44865482	0.378	0.443	0.1043	65.9	30	0	0.331	A:G	
96	rs1936393	44865521	0.395	0.422	0.4288	99.6	59	0	0.302	T:C	
97	rs2311846	44865947	0.394	0.426	0.3414	98.5	58	0	0.308	G:C	
98	rs12354652	44866192	0.102	0.122	0.0871	97.8	56	0	0.066	C:T	
99	rs4456217	44866359	0.427	0.471	0.2262	97.8	56	0	0.379	G:A	
100	rs7918824	44866566	0.424	0.471	0.1846	100.0	60	0	0.379	T:G	
101	rs11239342	44867219	0.129	0.145	0.241	99.6	60	0	0.079	T:C	
102	rs10751368	44867846	0.33	0.442	6.0E-4	95.6	53	0	0.33	T:C	
103	rs1936394	44867968	0.338	0.441	0.0013	98.9	59	0	0.329	G:A	
104	rs1936395	44868035	0.346	0.411	0.0353	99.3	59	0	0.288	T:C	
105	rs1936396	44868074	0.376	0.414	0.2315	100.0	60	0	0.293	G:A	
106	rs7478211	44868372	0.367	0.351	0.6794	98.9	59	0	0.227	G:A	
107	rs12359377	44868591	0.106	0.126	0.1039	99.3	59	0	0.067	C:T	
108	rs4526732	44869940	0.0	0.0	1.0	98.9	58	0	0.0	C:C	
109	rs1578875	44870151	0.452	0.477	0.5215	100.0	60	0	0.393	G:A	
110	rs7905526	44870756	0.418	0.47	0.1408	99.3	60	0	0.377	C:T	
111	rs12413425	44871820	0.005	0.005	1.0	98.1	59	0	0.002	T:G	
112	rs12257275	44872537	0.211	0.211	1.0	99.6	60	0	0.12	G:A	
113	rs11239344	44872583	0.196	0.269	6.0E-4	99.6	60	0	0.16	T:C	
114	rs10793581	44872871	0.377	0.413	0.2705	97.4	56	0	0.292	C:T	
115	rs10751369	44873288	0.25	0.412	7.1505E-7	85.2	44	0	0.29	C:T	
116	rs12358699	44873735	0.129	0.145	0.2383	100.0	60	0	0.079	G:A	
117	rs4948942	44876658	0.414	0.449	0.3143	99.6	59	0	0.34	C:T	
118	rs2185312	44877798	0.399	0.454	0.1034	98.5	58	0	0.349	T:C	
119	rs11239346	44877801	0.094	0.107	0.244	96.7	56	1	0.057	T:C	
120	rs7077032	44879986	0.435	0.461	0.4809	99.6	60	0	0.361	A:G	
121	rs17157435	44880020	0.176	0.199	0.1905	100.0	60	0	0.112	A:G	
