1	rs12134432	11087672	0.206	0.192	0.5613	99.6	59	0	0.108	T:C	
2	rs11807106	11088001	0.0	0.0	1.0	63.3	27	0	0.0	T:T	
3	rs12137958	11088596	0.141	0.131	0.6932	98.1	57	0	0.07	G:A	
4	rs6540964	11088889	0.254	0.488	3.5864E-12	98.9	58	0	0.423	T:C	
5	rs2536	11089300	0.158	0.145	0.5076	99.6	60	0	0.079	T:C	
6	rs12139042	11089733	0.014	0.014	1.0	62.6	30	0	0.007	G:A	
7	rs12117208	11090320	0.0	0.0	1.0	100.0	60	0	0.0	C:C	
8	rs12117235	11090347	0.135	0.126	0.7515	98.9	60	0	0.068	C:T	
9	rs12117241	11090416	0.158	0.145	0.5076	99.6	59	0	0.079	C:T	
10	rs12117270	11090497	0.163	0.15	0.4819	95.9	53	0	0.082	C:T	
11	rs3730377	11090685	0.019	0.019	1.0	99.3	58	0	0.01	A:G	
12	rs2275525	11092263	0.196	0.2	0.9921	98.9	58	0	0.112	C:T	
13	rs2261434	11092718	0.262	0.488	3.3727E-11	97.8	56	0	0.422	C:A	
14	rs17036350	11093813	0.205	0.207	1.0	98.1	59	0	0.117	C:T	
15	rs17036353	11094209	0.143	0.133	0.6558	100.0	60	0	0.071	C:T	
16	rs3819992	11094455	0.014	0.033	0.0012	100.0	60	0	0.017	A:G	
17	rs1148480	11094593	0.28	0.482	8.4601E-9	92.6	48	0	0.404	G:A	
18	rs3753238	11095072	0.019	0.019	1.0	99.6	60	0	0.01	A:G	
19	rs1148479	11095584	0.01	0.019	0.0292	98.5	59	0	0.01	T:C	
20	rs2275524	11097321	0.01	0.01	1.0	99.6	60	0	0.005	T:C	
21	rs1148477	11097437	0.014	0.024	0.0476	100.0	60	0	0.012	C:T	
22	rs2275523	11097438	0.057	0.064	0.4012	100.0	60	0	0.033	G:A	
23	rs2275522	11097857	0.159	0.146	0.5039	99.3	59	0	0.079	G:T	
24	rs7535631	11098280	0.019	0.019	1.0	99.6	60	0	0.01	C:T	
25	rs12145459	11098795	0.14	0.13	0.697	98.9	58	0	0.07	C:A	
26	rs12140947	11101757	0.121	0.114	0.9529	94.8	49	0	0.061	G:A	
27	rs11121691	11103914	0.33	0.377	0.1024	97.8	56	0	0.252	C:T	
28	rs12143194	11104217	0.144	0.134	0.7002	94.1	57	0	0.072	G:A	
29	rs11121692	11104434	0.039	0.039	1.0	96.3	53	0	0.02	C:T	
30	rs4520423	11105454	0.0	0.0	1.0	98.1	59	0	0.0	C:C	
