1	rs179771	27325245	0.401	0.493	0.0095	98.9	60	0	0.442	C:G	
2	rs7193869	27331002	0.389	0.484	0.0066	98.9	59	0	0.411	C:T	
3	rs179767	27333237	0.115	0.203	5.1425E-7	99.6	59	0	0.115	T:C	
4	rs8048732	27333743	0.029	0.028	1.0	99.3	59	0	0.014	A:T	
5	rs179766	27334295	0.124	0.211	1.7105E-6	99.6	60	0	0.12	A:C	
6	rs8057432	27335093	0.357	0.482	3.0E-4	98.5	57	0	0.406	A:G	
7	rs11074858	27336738	0.338	0.463	2.0E-4	100.0	60	0	0.364	C:T	
8	rs11074859	27336807	0.329	0.465	4.2658E-5	98.5	59	1	0.367	G:A	
9	rs6498026	27339182	0.449	0.484	0.3661	94.8	52	1	0.412	A:C	
10	rs7203086	27339393	0.447	0.479	0.3854	98.1	55	0	0.398	C:T	
11	rs7184992	27339511	0.455	0.477	0.7011	58.5	19	0	0.392	C:T	
12	rs11862950	27339821	0.0	0.0	1.0	97.4	55	0	0.0	G:G	
13	rs2040790	27340236	0.456	0.485	0.4628	98.5	59	0	0.413	C:T	
14	rs6498029	27340895	0.425	0.487	0.096	91.1	46	1	0.42	A:G	
15	rs11647066	27341545	0.0	0.0	1.0	99.6	59	0	0.0	C:C	
16	rs11074861	27341819	0.449	0.481	0.3952	98.5	57	0	0.403	C:T	
17	rs7199138	27342034	0.448	0.484	0.3309	100.0	60	0	0.41	G:C	
18	rs8057551	27342428	0.448	0.487	0.2877	100.0	60	0	0.419	A:G	
19	rs8061992	27342539	0.442	0.483	0.2644	98.9	57	0	0.409	C:A	
20	rs8062670	27342707	0.426	0.481	0.1458	91.9	49	0	0.403	G:A	
21	rs9930086	27343279	0.433	0.487	0.1356	98.9	57	0	0.418	T:C	
22	rs8049804	27344284	0.434	0.491	0.1226	97.0	53	0	0.432	T:C	
23	rs3093285	27344992	0.024	0.033	0.0995	99.6	60	0	0.017	C:A	
24	rs3093286	27345104	0.014	0.014	1.0	98.5	58	0	0.007	G:C	
25	rs179762	27345472	0.133	0.157	0.0989	100.0	60	0	0.086	A:G	
26	rs3093291	27346984	0.456	0.489	0.3875	97.8	56	0	0.427	T:C	
27	rs3093294	27347196	0.01	0.01	1.0	95.2	52	1	0.005	A:C	
28	rs3093392	27347753	0.016	0.016	1.0	87.8	40	0	0.008	A:G	
29	rs3093299	27348230	0.019	0.019	1.0	99.3	59	0	0.01	T:G	
30	rs179760	27348784	0.19	0.202	0.5468	100.0	60	0	0.114	G:A	
31	rs3093395	27349593	0.01	0.01	1.0	99.6	59	0	0.005	C:G	
32	rs3093396	27350027	0.005	0.005	1.0	99.3	59	0	0.002	T:C	
33	rs3093307	27350139	0.005	0.005	1.0	98.5	57	0	0.002	A:C	
34	rs3093308	27350155	0.417	0.443	0.4691	97.8	59	0	0.331	C:T	
35	rs3093309	27350175	0.01	0.009	1.0	100.0	60	0	0.005	G:A	
36	rs3091235	27350353	0.158	0.177	0.2334	99.6	60	0	0.098	G:A	
37	rs8057464	27350794	0.165	0.176	0.5575	95.9	56	0	0.098	C:A	
38	rs3093310	27351004	0.471	0.486	0.74	100.0	60	0	0.417	C:T	
39	rs3093311	27351121	0.048	0.056	0.2984	100.0	60	0	0.029	C:A	
40	rs3093312	27351160	0.0	0.0	1.0	99.3	59	0	0.0	T:T	
41	rs3093313	27351320	0.458	0.496	0.3248	97.4	59	0	0.456	A:G	
42	rs3093314	27351404	0.005	0.005	1.0	99.6	60	0	0.002	C:T	
43	rs3093315	27351531	0.462	0.487	0.5237	99.3	60	0	0.418	G:T	
44	rs3093316	27351569	0.01	0.01	1.0	99.6	59	0	0.005	C:T	
45	rs3093317	27351579	0.097	0.092	1.0	98.9	57	0	0.048	C:T	
46	rs3093397	27351864	0.014	0.014	1.0	100.0	60	0	0.007	A:G	
47	rs3093318	27351902	0.019	0.019	1.0	100.0	60	0	0.01	G:A	
48	rs3093319	27351993	0.42	0.467	0.1836	97.0	53	0	0.371	A:G	
49	rs11643985	27352192	0.0	0.0	1.0	98.9	57	0	0.0	G:G	
50	rs3093321	27352572	0.481	0.494	0.7807	100.0	60	0	0.445	C:A	
51	rs3091236	27352689	0.15	0.155	0.8737	97.8	56	0	0.085	A:T	
52	rs3093322	27352861	0.293	0.401	3.0E-4	98.1	60	0	0.278	G:C	
53	rs3093324	27353367	0.034	0.034	1.0	97.0	54	0	0.017	G:A	
54	rs3093326	27353370	0.014	0.014	1.0	99.3	58	0	0.007	C:T	
55	rs3093327	27353466	0.0	0.0	1.0	100.0	60	0	0.0	C:C	
56	rs3093328	27353528	0.014	0.014	1.0	99.3	58	0	0.007	C:A	
57	rs3093330	27353555	0.154	0.15	1.0	98.9	59	1	0.082	C:T	
58	rs3093398	27353556	0.005	0.005	1.0	99.6	59	0	0.002	G:A	
59	rs3093331	27353697	0.03	0.029	1.0	97.0	59	0	0.015	C:T	
60	rs9746486	27353980	0.0	0.0	1.0	100.0	60	0	0.0	C:C	
61	rs9746496	27353985	0.0	0.0	1.0	95.6	53	0	0.0	G:G	
62	rs3093332	27354197	0.0	0.0	1.0	99.6	59	0	0.0	C:C	
63	rs3093399	27354735	0.01	0.009	1.0	100.0	60	0	0.005	C:T	
64	rs3093336	27354805	0.329	0.376	0.0975	98.9	60	0	0.251	A:G	
65	rs3093337	27354997	0.0	0.0	1.0	97.8	56	0	0.0	G:G	
66	rs3093400	27355364	0.005	0.005	1.0	99.3	59	0	0.002	T:C	
67	rs3093338	27355424	0.019	0.028	0.0718	99.3	59	0	0.014	C:G	
68	rs3093339	27355524	0.005	0.005	1.0	98.9	59	0	0.002	G:C	
69	rs3093341	27355902	0.316	0.31	0.9955	99.3	58	0	0.191	A:G	
70	rs3093343	27356538	0.0	0.0	1.0	100.0	60	0	0.0	G:G	
71	rs3093405	27358654	0.0	0.0	1.0	92.2	51	0	0.0	C:C	
72	rs3093352	27358934	0.019	0.019	1.0	99.3	59	0	0.01	C:T	
73	rs3093356	27359506	0.019	0.019	1.0	99.6	60	0	0.01	C:T	
74	rs9937329	27359772	0.0	0.0	1.0	100.0	60	0	0.0	C:C	
75	rs3093406	27360201	0.029	0.028	1.0	100.0	60	0	0.014	C:T	
76	rs4787960	27360924	0.0	0.0	1.0	95.9	50	0	0.0	G:G	
77	rs3093363	27362063	0.367	0.406	0.2042	100.0	60	0	0.283	A:G	
78	rs3093366	27362655	0.286	0.278	0.9255	100.0	60	0	0.167	A:C	
79	rs3093367	27362921	0.067	0.064	1.0	100.0	60	0	0.033	G:A	
80	rs3093368	27362962	0.0	0.0	1.0	97.0	52	0	0.0	C:C	
81	rs3093369	27363387	0.019	0.019	1.0	99.6	60	0	0.01	A:G	
82	rs3093370	27363427	0.0	0.0	1.0	97.0	53	0	0.0	C:C	
83	rs3093371	27363767	0.0	0.0	1.0	98.5	57	0	0.0	C:C	
84	rs3093374	27364304	0.073	0.117	4.0E-4	93.3	52	0	0.062	C:A	
85	rs3093378	27365559	0.371	0.404	0.3005	100.0	60	0	0.281	G:A	
86	rs3093379	27365576	0.2	0.301	8.0E-4	57.0	14	1	0.185	G:A	
87	rs3093380	27365617	0.119	0.191	0.01	31.1	0	0	0.107	A:G	
88	rs3093381	27366401	0.167	0.169	1.0	99.6	60	0	0.093	C:T	
89	rs3093382	27366475	0.005	0.005	1.0	96.7	52	0	0.002	C:A	
90	rs3743964	27366495	0.0	0.0	1.0	94.4	51	0	0.0	G:G	
91	rs3093385	27367442	0.0	0.0	1.0	65.9	29	0	0.0	C:C	
92	rs3093409	27368160	0.0	0.0	1.0	86.3	44	0	0.0	C:C	
93	rs2285452	27368398	0.337	0.341	0.9816	95.2	51	1	0.218	G:A	
94	rs3093388	27368675	0.0	0.0	1.0	96.3	55	0	0.0	C:C	
95	rs2239928	27368702	0.345	0.344	1.0	97.8	56	0	0.221	C:A	
96	rs3093412	27369022	0.053	0.061	0.3516	98.9	57	0	0.031	C:T	
97	rs7191461	27370743	0.0	0.0	1.0	100.0	60	0	0.0	A:A	
98	rs3093390	27370949	0.343	0.347	0.9619	100.0	60	0	0.224	C:T	
99	rs9933489	27371008	0.01	0.01	1.0	99.6	60	0	0.005	G:A	
100	rs9935898	27371377	0.371	0.406	0.2715	97.4	56	0	0.283	C:G	
101	rs12928079	27371850	0.368	0.407	0.2141	99.6	60	0	0.285	T:C	
102	rs12444423	27374479	0.253	0.269	0.6293	66.7	30	0	0.16	T:C	
103	rs7184872	27374838	0.19	0.217	0.1482	100.0	60	0	0.124	T:G	
