1	rs982464	117547076	0.078	0.127	1.0E-4	97.0	52	0	0.068	A:G	
2	rs10982903	117548104	0.257	0.259	1.0	98.1	59	0	0.153	C:T	
3	rs982699	117550714	0.0	0.0	1.0	99.6	60	0	0.0	T:T	
4	rs7855735	117551864	0.182	0.218	0.0471	99.6	60	0	0.124	A:G	
5	rs7856085	117552118	0.424	0.483	0.0965	100.0	60	0	0.407	A:G	
6	rs10982904	117553031	0.286	0.245	0.0282	88.1	45	0	0.143	G:C	
7	rs1125441	117554265	0.183	0.219	0.0483	99.3	60	0	0.125	G:A	
8	rs10982906	117554961	0.038	0.037	1.0	87.4	48	0	0.019	G:A	
9	rs7872752	117555925	0.063	0.076	0.3363	57.4	20	1	0.039	G:A	
10	rs4495505	117556506	0.343	0.377	0.2397	100.0	60	0	0.252	C:G	
11	rs7874534	117558071	0.259	0.358	4.0E-4	90.7	46	0	0.233	C:T	
12	rs10429616	117558554	0.498	0.496	1.0	99.6	60	0	0.455	A:G	
13	rs12553830	117561314	0.0	0.0	1.0	100.0	60	0	0.0	G:G	
14	rs978724	117562800	0.101	0.096	1.0	99.3	60	0	0.05	G:T	
15	rs689507	117566219	0.135	0.142	0.68	99.3	58	0	0.077	A:G	
16	rs689506	117566269	0.057	0.056	1.0	99.3	58	0	0.029	A:G	
17	rs689505	117566292	0.474	0.494	0.6149	99.6	60	0	0.447	T:C	
18	rs10759823	117566801	0.193	0.276	0.0018	64.8	30	0	0.166	G:A	
19	rs10982908	117566805	0.103	0.168	5.0E-4	64.8	28	0	0.092	C:T	
20	rs10982909	117567484	0.144	0.15	0.8013	99.3	60	0	0.082	T:C	
21	rs6478201	117567585	0.014	0.014	1.0	64.8	29	0	0.007	C:G	
22	rs7864668	117568089	0.033	0.033	1.0	100.0	60	0	0.017	T:C	
23	rs2188077	117568376	0.254	0.326	0.0058	92.2	51	0	0.205	A:T	
