1	rs10824883	54525625	0.486	0.492	0.9438	99.3	59	0	0.435	C:A	
2	rs4268426	54526232	0.266	0.285	0.4384	97.4	57	0	0.172	C:T	
3	rs1904054	54526375	0.359	0.377	0.5796	97.8	57	1	0.252	C:T	
4	rs12569970	54526722	0.285	0.284	1.0	98.5	58	0	0.171	T:G	
5	rs11818783	54527118	0.304	0.321	0.5711	98.5	58	0	0.2	C:T	
6	rs7091793	54527158	0.068	0.092	0.0143	98.1	56	0	0.049	A:G	
7	rs6480993	54527425	0.256	0.278	0.3562	97.4	55	0	0.167	C:T	
8	rs2384131	54527777	0.281	0.299	0.473	100.0	60	0	0.183	G:A	
9	rs1903917	54528457	0.404	0.422	0.6117	98.5	58	0	0.303	T:G	
10	rs4935388	54528565	0.324	0.365	0.1458	96.7	53	0	0.24	G:T	
11	rs4935389	54528792	0.121	0.172	0.1338	32.2	29	1	0.095	T:A	
12	rs10508986	54529010	0.271	0.3	0.23	97.8	56	0	0.184	G:T	
13	rs10824884	54529979	0.365	0.428	0.0486	97.0	55	1	0.31	T:C	
14	rs11003381	54530262	0.043	0.042	1.0	100.0	60	0	0.021	T:A	
15	rs11003383	54530622	0.267	0.271	0.9423	100.0	60	0	0.162	A:G	
16	rs12241649	54531342	0.314	0.373	0.0374	100.0	60	0	0.248	A:G	
17	rs1903971	54532120	0.288	0.311	0.3933	98.5	58	0	0.192	G:A	
18	rs7914633	54532566	0.264	0.304	0.1032	96.3	57	1	0.187	G:A	
