1	rs7213956	16842448	0.292	0.301	0.8005	99.6	60	0	0.184	G:A	
2	rs9890795	16843304	0.314	0.331	0.558	100.0	60	0	0.21	T:C	
3	rs7503098	16843379	0.0	0.0	1.0	95.6	53	0	0.0	C:C	
4	rs12946958	16844615	0.0	0.0	1.0	92.2	44	0	0.0	G:G	
5	rs12452382	16844662	0.0	0.0	1.0	99.6	60	0	0.0	G:G	
6	rs7501848	16845137	0.395	0.414	0.5902	100.0	60	0	0.293	C:G	
7	rs7502031	16845174	0.398	0.413	0.6968	98.1	56	0	0.291	T:A	
8	rs9905479	16845640	0.324	0.363	0.1637	100.0	60	0	0.238	A:G	
9	rs7503412	16847003	0.371	0.433	0.0544	97.0	54	0	0.317	A:G	
10	rs28392580	16848298	0.068	0.065	1.0	65.9	28	0	0.034	G:A	
11	rs7502225	16848972	0.415	0.448	0.3598	98.1	57	0	0.338	C:G	
12	rs11653100	16849483	0.076	0.091	0.1368	100.0	60	0	0.048	C:T	
13	rs11653209	16849559	0.0	0.0	1.0	98.5	58	0	0.0	G:G	
14	rs6502552	16849716	0.371	0.45	0.0185	94.1	51	1	0.343	A:G	
15	rs3903118	16853148	0.005	0.005	1.0	99.6	60	0	0.002	C:G	
16	rs7225537	16853405	0.559	0.499	0.5507	33.0	29	0	0.483	C:G	
17	rs4316813	16859295	0.1	0.112	0.3112	99.3	59	0	0.06	T:G	
18	rs4485421	16859708	0.163	0.188	0.1167	99.6	60	0	0.105	G:T	
19	rs4247120	16859928	0.077	0.074	1.0	99.6	60	0	0.038	G:T	
20	rs4514740	16860591	0.077	0.074	1.0	99.6	59	0	0.038	C:A	
21	rs9893453	16861242	0.14	0.171	0.0436	98.5	56	0	0.094	T:G	
22	rs8064771	16862027	0.252	0.299	0.044	100.0	60	0	0.183	T:G	
23	rs4985711	16862766	0.0	0.0	1.0	100.0	60	0	0.0	C:C	
24	rs8068857	16863037	0.135	0.143	0.6845	98.9	58	0	0.077	A:G	
25	rs4985778	16863103	0.128	0.119	1.0	66.3	30	0	0.064	G:A	
26	rs8069441	16863157	0.129	0.137	0.6127	100.0	60	0	0.074	G:A	
27	rs8069049	16863184	0.227	0.268	0.0684	94.4	49	0	0.159	A:G	
28	rs8073842	16863597	0.105	0.099	1.0	99.6	59	0	0.052	A:G	
29	rs8073851	16863619	0.321	0.358	0.3102	60.7	22	0	0.234	G:C	
30	rs11658762	16864052	0.0	0.0	1.0	99.6	59	0	0.0	C:C	
31	rs4452010	16864398	0.314	0.363	0.0788	100.0	60	0	0.238	G:C	
32	rs4985779	16865548	0.316	0.369	0.0573	99.6	60	0	0.244	T:G	
33	rs4985780	16865589	0.319	0.37	0.068	100.0	60	0	0.245	T:C	
34	rs4278804	16866434	0.343	0.382	0.182	100.0	60	0	0.257	A:G	
35	rs4267379	16867291	0.453	0.496	0.2651	97.0	55	0	0.453	T:C	
36	rs17793728	16868682	0.388	0.399	0.7779	99.6	59	0	0.275	G:A	
37	rs4275914	16869024	0.12	0.121	1.0	99.3	58	0	0.065	C:T	
38	rs4985782	16870233	0.236	0.283	0.0339	99.3	60	0	0.171	G:A	
39	rs4485423	16871710	0.237	0.284	0.0352	98.9	59	0	0.171	G:T	
40	rs8079563	16873605	0.105	0.1	1.0	99.6	60	0	0.053	T:C	
41	rs10852842	16873632	0.292	0.498	2.3164E-9	99.6	59	0	0.471	A:G	
42	rs11867934	16874129	0.267	0.279	0.753	64.8	28	0	0.168	C:T	
43	rs11870422	16874708	0.464	0.489	0.5285	98.5	58	0	0.425	T:G	
44	rs11870997	16875210	0.362	0.497	1.0E-4	99.6	59	0	0.462	G:A	
45	rs11657117	16875368	0.0	0.0	1.0	97.8	57	0	0.0	C:C	
