1	rs7260233	41837115	0.02	0.02	1.0	97.0	56	0	0.01	G:A	
2	rs3108210	41838534	0.266	0.288	0.3792	92.6	52	1	0.174	T:C	
3	rs12982906	41838608	0.0	0.0	1.0	98.9	58	0	0.0	A:A	
4	rs12981751	41839170	0.522	0.475	0.3509	59.6	24	0	0.388	T:G	
5	rs7254978	41839479	0.411	0.417	0.9365	99.6	60	0	0.297	C:T	
6	rs12460049	41842189	0.0	0.0	1.0	98.5	58	0	0.0	A:A	
7	rs3108196	41842479	0.35	0.341	0.9379	97.8	56	0	0.218	A:G	
8	rs3108545	41845491	0.373	0.388	0.6798	99.3	59	0	0.263	G:A	
9	rs3108546	41846757	0.351	0.388	0.3235	65.9	29	0	0.264	G:A	
10	rs7248477	41849441	0.379	0.387	0.8628	97.8	56	0	0.262	C:T	
11	rs12971387	41850841	0.0	0.0	1.0	99.3	60	0	0.0	A:A	
12	rs3108549	41852419	0.343	0.326	0.6166	100.0	60	0	0.205	A:G	
13	rs3108203	41852601	0.373	0.388	0.6798	99.6	60	0	0.263	G:A	
14	rs7255273	41857293	0.029	0.029	1.0	98.9	59	0	0.014	G:A	
