#	Name	Position	ObsHET	PredHET	HWpval	%Geno	FamTrio	MendErr	MAF	Alleles	
1	rs4776125	51348879	0.414	0.458	0.2071	100.0	60	0	0.355	T:C	
2	rs11635420	51349136	0.0	0.0	1.0	100.0	60	0	0.0	T:T	
3	rs1486566	51349902	0.291	0.276	0.6175	98.1	56	0	0.165	C:T	
4	rs8034690	51350929	0.352	0.337	0.6776	100.0	60	0	0.214	A:G	
5	rs12911760	51351146	0.305	0.296	0.9135	100.0	60	0	0.181	T:C	
6	rs12912947	51351206	0.411	0.477	0.0615	99.6	60	0	0.392	C:T	
7	rs4608284	51351566	0.033	0.033	1.0	99.6	60	0	0.017	T:A	
8	rs1601591	51352004	0.063	0.061	1.0	98.9	59	0	0.031	A:G	
9	rs16965848	51352293	0.343	0.337	0.9991	100.0	60	0	0.214	A:G	
10	rs17660489	51352589	0.199	0.187	0.6482	98.5	57	0	0.104	A:G	
11	rs16965854	51352767	0.333	0.331	1.0	100.0	60	0	0.21	C:A	
12	rs12591795	51352919	0.162	0.157	1.0	100.0	60	0	0.086	T:G	
13	rs1386171	51353378	0.169	0.209	0.3387	33.0	29	0	0.119	C:G	
14	rs4584768	51353463	0.317	0.318	1.0	96.7	55	0	0.198	G:A	
15	rs2200523	51353597	0.0	0.0	1.0	100.0	60	0	0.0	C:C	
16	rs1948070	51353956	0.41	0.456	0.1702	100.0	60	0	0.352	C:G	
17	rs1486564	51355022	0.0	0.0	1.0	66.7	30	0	0.0	C:C	
18	rs4550399	51360561	0.043	0.042	1.0	100.0	60	0	0.021	C:T	
19	rs2200522	51362944	0.438	0.42	0.6755	100.0	60	0	0.3	T:G	
20	rs6493620	51363791	0.236	0.243	0.7922	98.9	58	0	0.142	C:T	
21	rs1486555	51365068	0.116	0.118	1.0	98.1	57	0	0.063	C:T	
22	rs1386168	51366319	0.138	0.161	0.1192	100.0	60	0	0.088	A:G	
23	rs17628746	51366585	0.271	0.281	0.7534	100.0	60	0	0.169	T:G	
24	rs7176323	51366838	0.0	0.0	1.0	100.0	60	0	0.0	T:T	
25	rs12594185	51367181	0.238	0.245	0.8382	100.0	60	0	0.143	T:A	
26	rs11632161	51368181	0.252	0.281	0.2104	100.0	60	0	0.169	G:A	
27	rs7177429	51369405	0.0	0.0	1.0	100.0	60	0	0.0	A:A	
28	rs9920049	51370397	0.428	0.413	0.7447	99.3	60	0	0.291	T:C	
29	rs4776126	51371528	0.23	0.239	0.7203	99.6	59	0	0.139	C:T	
30	rs2200520	51372185	0.424	0.41	0.7879	100.0	60	0	0.288	G:A	
31	rs1386167	51373099	0.286	0.42	9.6174E-6	99.3	58	0	0.3	A:T	
32	rs4776127	51373815	0.233	0.241	0.7744	100.0	60	0	0.14	A:G	
33	rs10162759	51373971	0.034	0.033	1.0	98.9	57	0	0.017	T:G	
34	rs17711603	51376312	0.122	0.123	1.0	97.4	54	0	0.066	T:G	
35	rs1386166	51376772	0.476	0.464	0.8571	100.0	60	0	0.367	G:A	
36	rs12914383	51377915	0.363	0.413	0.1195	95.6	54	1	0.291	G:A	
37	rs7178780	51378337	0.038	0.037	1.0	100.0	60	0	0.019	G:A	
38	rs1116766	51378541	0.043	0.042	1.0	100.0	60	0	0.021	G:A	
39	rs11630090	51379236	0.28	0.287	0.853	98.5	57	0	0.174	A:G	
40	rs12906014	51380165	0.483	0.498	0.7435	98.9	57	0	0.469	C:A	
41	rs12906230	51380310	0.478	0.464	0.8069	97.8	55	0	0.366	C:T	
42	rs17711650	51380349	0.25	0.26	0.7028	99.3	58	0	0.154	C:T	
43	rs12439607	51381505	0.414	0.398	0.6984	100.0	60	0	0.274	T:G	
44	rs12439593	51381666	0.49	0.496	0.9394	96.7	52	0	0.458	G:A	
45	rs1486552	51381772	0.0	0.0	1.0	100.0	60	0	0.0	G:G	
46	rs4595747	51381941	0.0	0.0	1.0	100.0	60	0	0.0	G:G	
47	rs959639	51382041	0.058	0.074	0.0577	98.9	59	0	0.039	T:G	
48	rs959638	51382400	0.423	0.415	0.9315	99.3	59	0	0.293	T:C	
49	rs1386164	51383161	0.024	0.024	1.0	100.0	60	0	0.012	T:C	
50	rs1486551	51383489	0.105	0.124	0.1014	100.0	60	0	0.067	G:A	
51	rs12903635	51383559	0.257	0.271	0.5683	100.0	60	0	0.162	C:T	
52	rs923205	51384515	0.106	0.1	1.0	98.1	56	0	0.053	G:A	
53	rs2414230	51385015	0.131	0.171	0.0082	98.1	58	0	0.095	G:A	
54	rs767387	51385518	0.486	0.499	0.785	99.3	58	0	0.474	G:A	
55	rs1352172	51385736	0.271	0.281	0.7534	100.0	60	0	0.169	A:G	
56	rs767388	51385757	0.349	0.43	0.0101	99.6	60	0	0.313	G:A	
57	rs17546699	51386150	0.32	0.312	1.0	66.7	30	0	0.193	G:T	
58	rs11633880	51386828	0.0	0.0	1.0	100.0	60	0	0.0	G:G	
59	rs11633847	51386941	0.0	0.0	1.0	100.0	60	0	0.0	A:A	
60	rs1027008	51386983	0.317	0.418	0.001	99.3	59	0	0.298	C:T	
61	rs7168477	51387277	0.0	0.0	1.0	100.0	60	0	0.0	G:G	
62	rs1552414	51387782	0.457	0.484	0.492	100.0	60	0	0.41	G:A	
63	rs17546705	51387990	0.02	0.02	1.0	97.0	54	0	0.01	C:G	
64	rs17628907	51388245	0.033	0.033	1.0	99.6	59	0	0.017	G:C	
65	rs1486550	51388605	0.0	0.0	1.0	100.0	60	0	0.0	A:A	
66	rs11635555	51388718	0.219	0.202	0.4282	100.0	60	0	0.114	C:T	
67	rs7175056	51389769	0.0	0.0	1.0	99.6	59	0	0.0	C:C	
68	rs7175227	51389864	0.059	0.057	1.0	97.0	54	0	0.03	C:A	
69	rs7175247	51389932	0.005	0.005	1.0	93.3	47	0	0.003	A:C	
70	rs1471850	51389944	0.053	0.061	0.3548	98.5	56	0	0.032	G:A	
71	rs17628925	51389956	0.206	0.192	0.5613	99.6	60	0	0.108	C:T	
72	rs4776129	51390901	0.469	0.442	0.499	99.6	60	0	0.33	T:C	
73	rs17711725	51390980	0.129	0.137	0.6127	100.0	60	0	0.074	C:T	
74	rs11634899	51391202	0.058	0.056	1.0	98.9	57	0	0.029	A:T	
75	rs11070973	51393126	0.062	0.069	0.4583	99.6	60	0	0.036	C:T	
76	rs7173165	51393579	0.495	0.476	0.686	100.0	60	0	0.39	C:T	
77	rs12914787	51393977	0.438	0.462	0.5262	100.0	60	0	0.362	C:T	
78	rs17660734	51394095	0.149	0.146	1.0	93.7	49	0	0.079	G:A	
79	rs10152958	51394705	0.086	0.082	1.0	99.6	60	0	0.043	A:C	
80	rs10152269	51394741	0.086	0.082	1.0	99.6	60	0	0.043	T:C	
81	rs10152219	51394931	0.086	0.082	1.0	100.0	60	0	0.043	C:A	
82	rs10152244	51395191	0.086	0.082	1.0	99.3	58	0	0.043	C:T	
83	rs17711751	51395895	0.133	0.141	0.671	100.0	60	0	0.076	C:A	
